#N canvas 0 68 1211 771 10;
#X obj 301 465 dac~;
#X obj 338 465 tabsend~ a;
#N canvas 0 0 450 300 graph106 0;
#X array a 64 float 3;
#A 0 1 1 1 1 1 1 1 1 1 0.956703 0.9065 0.852439 0.794809 0.733914 0.670073
0.603619 0.534895 0.464254 0.392055 0.318666 0.244456 0.169797 0.0950614
0.0206179 -0.0531669 -0.125933 -0.197327 -0.267006 -0.334636 -0.399898
-0.462487 -0.522111 -0.578497 -0.631392 -0.680558 -0.725783 -0.766872
-0.803655 -0.835985 -0.863738 -0.886814 -0.905139 -0.918662 -0.927359
-0.931229 -0.930296 -0.924609 -0.914241 -0.899287 -0.879866 -0.856118
-0.828204 -0.796307 -0.760626 -0.721378 -0.678799 -0.633137 -0.584655
-0.533628 -0.480342 -0.425091 -0.368176 -0.309906 -0.250592;
#X coords 0 1 63 -1 200 200 1;
#X restore 77 530 graph;
#X obj 259 134 unpack f f f;
#X obj 166 134 rzero~ 0.998;
#X obj 102 214 bp~ 1 99;
#X obj 167 214 bp~ 1 99;
#X obj 235 215 bp~ 1 99;
#X obj 140 323 clip~ -1 1;
#X obj 165 111 phasor~ 90;
#X obj 259 89 loadbang;
#X obj 301 440 catch~ vox;
#X obj 140 386 throw~ vox;
#X obj 526 445 throw~ vox;
#X obj 472 251 cos~;
#X obj 472 228 *~;
#X obj 541 255 cos~;
#X obj 523 191 wrap~;
#X obj 487 191 -~;
#X obj 541 232 +~;
#X obj 541 291 -~;
#X obj 541 322 *~;
#X obj 525 350 +~;
#X obj 486 164 samphold~;
#N canvas 0 0 450 300 graph4 0;
#X array bell-curve 200 float 1;
#A 0 1.12535e-07 1.54727e-07 2.12059e-07 2.89706e-07 3.94519e-07 5.35535e-07
7.24633e-07 9.77371e-07 1.31404e-06 1.76105e-06 2.35258e-06 3.13275e-06
4.15832e-06 5.50199e-06 7.25659e-06 9.54016e-06 1.25023e-05 1.63317e-05
2.1266e-05 2.76026e-05 3.57128e-05 4.60584e-05 5.92113e-05 7.58768e-05
9.69224e-05 0.00012341 0.000156634 0.000198167 0.000249912 0.000314163
0.000393669 0.000491721 0.000612231 0.000759842 0.000940028 0.00115923
0.00142498 0.00174605 0.00213263 0.00259648 0.00315111 0.00381201 0.00459678
0.0055254 0.0066204 0.00790705 0.0094136 0.0111714 0.013215 0.0155826
0.0183156 0.0214592 0.0250621 0.0291763 0.0338573 0.0391639 0.0451575
0.0519019 0.0594631 0.0679081 0.0773047 0.0877205 0.0992216 0.111872
0.125732 0.140858 0.1573 0.1751 0.194291 0.214896 0.236928 0.260383
0.285247 0.311486 0.339053 0.367879 0.397882 0.428956 0.46098 0.493812
0.527292 0.561244 0.595473 0.62977 0.663916 0.697676 0.730811 0.763074
0.794216 0.823987 0.852144 0.878447 0.902668 0.924595 0.944027 0.960789
0.974725 0.985703 0.99362 0.998401 1 0.998401 0.99362 0.985703 0.974725
0.960789 0.944027 0.924595 0.902668 0.878447 0.852144 0.823987 0.794216
0.763074 0.730811 0.697676 0.663916 0.62977 0.595473 0.561244 0.527292
0.493812 0.46098 0.428956 0.397882 0.367879 0.339053 0.311486 0.285247
0.260383 0.236928 0.214896 0.194291 0.1751 0.1573 0.140858 0.125732
0.111872 0.0992216 0.0877205 0.0773047 0.0679081 0.0594631 0.0519019
0.0451575 0.0391639 0.0338573 0.0291763 0.0250621 0.0214592 0.0183156
0.0155826 0.013215 0.0111714 0.0094136 0.00790705 0.0066204 0.0055254
0.00459678 0.00381201 0.00315111 0.00259648 0.00213263 0.00174605 0.00142498
0.00115923 0.000940028 0.000759842 0.000612231 0.000491721 0.000393669
0.000314163 0.000249912 0.000198167 0.000156634 0.00012341 9.69224e-05
7.58768e-05 5.92113e-05 4.60584e-05 3.57128e-05 2.76026e-05 2.1266e-05
1.63317e-05 1.25023e-05 9.54016e-06 7.25659e-06 5.50199e-06 4.15832e-06
3.13275e-06 2.35258e-06 1.76105e-06 1.31404e-06 9.77371e-07 7.24633e-07
5.35535e-07 3.94519e-07 2.89706e-07 2.12059e-07 1.54727e-07;
#X coords 0 1 199 0 80 80 1;
#X restore 718 150 graph;
#X obj 658 199 cos~;
#X obj 658 176 -~ 0.25;
#X obj 658 245 +~ 100;
#X obj 658 268 tabread4~ bell-curve;
#X obj 526 377 *~;
#X text 562 375 <--ring mod step;
#X text 746 235 waveshaper;
#N canvas 0 0 450 300 graph1 0;
#X array f 259 float 0;
#X coords 0 0.51 258 -0.008 200 200 1;
#X restore 291 533 graph;
#N canvas 122 211 558 609 fft 0;
#X obj 29 45 inlet~;
#X obj 27 215 rfft~;
#X obj 27 248 *~;
#X obj 58 248 *~;
#X obj 27 278 sqrt~;
#X obj 28 24 block~ 4096 1;
#X obj 27 304 biquad~ 0 0 0 0 1;
#X obj 77 87 samplerate~;
#X obj 27 328 /~ 4096;
#X obj 77 62 bang~;
#X msg 14 471 \; pd dsp 1;
#X obj 77 110 / 4096;
#X obj 58 135 osc~;
#X obj 58 163 +~ 1;
#X obj 28 188 *~;
#X obj 39 87 0.5;
#X obj 46 442 tabwrite~ f;
#X obj 46 381 loadbang;
#X obj 46 404 metro 400;
#X obj 109 379 bng 15 250 50 0 empty empty empty 0 -6 0 8 -262144 -1
-1;
#X connect 0 0 14 0;
#X connect 1 0 2 0;
#X connect 1 0 2 1;
#X connect 1 1 3 0;
#X connect 1 1 3 1;
#X connect 2 0 4 0;
#X connect 3 0 4 0;
#X connect 4 0 6 0;
#X connect 6 0 8 0;
#X connect 7 0 11 0;
#X connect 8 0 16 0;
#X connect 9 0 7 0;
#X connect 9 0 15 0;
#X connect 11 0 12 0;
#X connect 12 0 13 0;
#X connect 13 0 14 1;
#X connect 14 0 1 0;
#X connect 15 0 12 1;
#X connect 17 0 10 0;
#X connect 17 0 18 0;
#X connect 18 0 16 0;
#X connect 19 0 18 0;
#X restore 250 464 pd fft;
#X obj 658 150 *~ 0.5;
#X obj 471 65 phasor~ 80;
#X obj 139 362 *~;
#X obj 154 343 tgl 15 0 empty empty empty 0 -6 0 8 -262144 -1 -1 1
1;
#X obj 525 418 *~;
#X obj 540 399 tgl 15 0 empty empty empty 0 -6 0 8 -262144 -1 -1 0
1;
#X msg 259 112 400 500 600;
#X obj 140 298 *~ 300;
#X obj 486 133 sig~ 6;
#X obj 658 222 *~ 40;
#X obj 864 557 cos~;
#X obj 865 588 *~;
#X obj 863 422 wrap~;
#X obj 863 536 -~ 0.25;
#X obj 866 613 *~;
#X obj 906 573 samphold~;
#X obj 862 445 *~ 0.5;
#X obj 963 493 wrap~;
#X obj 863 372 *~;
#X obj 940 453 clip~ 0 1;
#X obj 1001 400 *~;
#X obj 862 291 phasor~;
#X obj 878 155 +~;
#X obj 879 347 /~;
#X obj 844 259 /~;
#X obj 845 238 sig~ 1;
#X obj 942 402 sig~ 1;
#X obj 941 428 -~;
#X obj 964 516 *~ 2;
#X obj 878 64 sig~ 1;
#X obj 878 87 /~;
#X obj 867 687 throw~ vox;
#X obj 952 34 sig~ 0.0012;
#X obj 893 34 sig~ 80;
#X obj 1016 364 sig~ 1;
#X obj 866 645 *~;
#X obj 896 619 tgl 15 0 empty empty empty 0 -6 0 8 -262144 -1 -1 0
1;
#X obj 964 536 clip~ 0 1;
#X obj 863 402 clip~ 0 2;
#X obj 895 131 *~ 2;
#X floatatom 286 31 5 0 0 0 - - -;
#X connect 3 0 5 1;
#X connect 3 1 6 1;
#X connect 3 2 7 1;
#X connect 4 0 5 0;
#X connect 4 0 6 0;
#X connect 4 0 7 0;
#X connect 5 0 41 0;
#X connect 6 0 41 0;
#X connect 7 0 41 0;
#X connect 8 0 36 0;
#X connect 9 0 4 0;
#X connect 10 0 40 0;
#X connect 11 0 0 0;
#X connect 11 0 0 1;
#X connect 11 0 1 0;
#X connect 11 0 33 0;
#X connect 14 0 20 1;
#X connect 14 0 22 0;
#X connect 15 0 19 0;
#X connect 15 0 14 0;
#X connect 16 0 20 0;
#X connect 17 0 18 1;
#X connect 17 0 21 1;
#X connect 18 0 15 1;
#X connect 19 0 16 0;
#X connect 20 0 21 0;
#X connect 21 0 22 1;
#X connect 22 0 29 0;
#X connect 23 0 18 0;
#X connect 23 0 17 0;
#X connect 25 0 43 0;
#X connect 26 0 25 0;
#X connect 27 0 28 0;
#X connect 28 0 29 1;
#X connect 29 0 38 0;
#X connect 34 0 26 0;
#X connect 35 0 23 1;
#X connect 35 0 19 1;
#X connect 35 0 15 0;
#X connect 35 0 34 0;
#X connect 36 0 12 0;
#X connect 37 0 36 1;
#X connect 38 0 13 0;
#X connect 39 0 38 1;
#X connect 40 0 3 0;
#X connect 41 0 8 0;
#X connect 42 0 23 0;
#X connect 43 0 27 0;
#X connect 44 0 45 0;
#X connect 44 0 45 1;
#X connect 45 0 48 0;
#X connect 46 0 50 0;
#X connect 47 0 44 0;
#X connect 48 0 69 0;
#X connect 49 0 48 1;
#X connect 50 0 47 0;
#X connect 50 0 51 0;
#X connect 51 0 62 0;
#X connect 52 0 72 0;
#X connect 53 0 49 0;
#X connect 54 0 61 1;
#X connect 55 0 52 0;
#X connect 55 0 54 0;
#X connect 56 0 57 0;
#X connect 56 0 58 1;
#X connect 57 0 52 1;
#X connect 58 0 55 0;
#X connect 59 0 58 0;
#X connect 60 0 61 0;
#X connect 61 0 53 0;
#X connect 62 0 71 0;
#X connect 63 0 64 0;
#X connect 64 0 56 0;
#X connect 66 0 57 1;
#X connect 66 0 73 0;
#X connect 67 0 64 1;
#X connect 68 0 54 1;
#X connect 69 0 65 0;
#X connect 70 0 69 1;
#X connect 71 0 49 1;
#X connect 72 0 46 0;
#X connect 73 0 56 1;
#X connect 74 0 9 0;
#X connect 74 0 35 0;
#X connect 74 0 67 0;
